19432 30310 40208
19802 29574 40570
20214 28838 40900
20656 28110 41184
21138 27386 41426
21654 26672 41630
22194 25972 41782
22774 25286 41892
23374 24618 41958
24000 23970 41968
24648 23344 41958
25318 22744 41892
26004 22170 41776
26706 21632 41618
27420 21120 41416
28144 20636 41168
28876 20192 40886
29610 19786 40558
30346 19418 40190
31078 19088 39782
31810 18800 39342
32536 18556 38864
33246 18352 38352
33950 18194 37808
34640 18082 37236
35304 18012 36636
35956 18000 36008
36584 18008 35364
37186 18070 34694
37758 18184 34008
38304 18336 33308
38816 18536 32596
39300 18784 31872
39748 19064 31142
40158 19388 30408
40526 19754 29672
40858 20156 28936
41148 20596 28206
41398 21072 27482
41604 21578 26766
41766 22124 26064
41880 22694 25374
41954 23292 24704
41968 23916 24056
41962 24562 23428
41904 25230 22820
41792 25914 22246
41642 26614 21696
41446 27326 21184
41206 28048 20696
40928 28776 20252
40602 29512 19836
40240 30248 19464
39840 30982 19130
39402 31714 18836
38930 32440 18584
38426 33156 18376
37880 33858 18214
37314 34544 18094
36718 35218 18016
36094 35872 18000
35452 36502 18004
34784 37108 18060
34100 37684 18166
33402 38238 18314
32692 38752 18508
31968 39242 18744
31238 39688 19022
30504 40102 19344
29768 40482 19704
29034 40818 20100
28302 41114 20536
27578 41370 21006
26862 41576 21504
26156 41746 22054
25466 41868 22618
24794 41948 23212
24138 41968 23832
23506 41966 24476
22902 41912 25138
22320 41810 25820
21766 41664 26520
21248 41474 27232
20758 41244 27952
20308 40964 28680
19890 40646 29414
19512 40292 30150
19172 39894 30886
18872 39460 31618
18616 38994 32344
18402 38496 33062
18232 37954 33766
18106 37390 34458
18024 36796 35132
18000 36178 35784
18000 35536 36418
18052 34874 37028
18148 34192 37612
18294 33496 38166
18480 32788 38688
18708 32064 39180
18986 31334 39632
19300 30602 40052
19652 29866 40434
20046 29132 40776
20476 28400 41078
20942 27674 41338
21440 26954 41550
21976 26250 41724
22542 25552 41856
23132 24880 41940
23748 24224 41968
24388 23590 41968
25052 22976 41922
25734 22394 41828
26428 21838 41684
27136 21312 41500
27856 20820 41278
28582 20366 41004
29318 19942 40694
30054 19558 40340
30788 19212 39950
31522 18910 39520
32248 18646 39058
32966 18430 38560
33672 18254 38028
34362 18118 37466
35042 18032 36878
35702 18000 36262
36338 18000 35622
36950 18040 34964
37534 18134 34286
38094 18274 33588
38624 18454 32878
39116 18676 32160
39576 18944 31430
39998 19252 30700
40384 19604 29964
40730 19990 29228
41038 20418 28496
41306 20878 27768
41526 21376 27046
41704 21904 26340
41842 22464 25648
41932 23052 24968
41968 23666 24310
41968 24306 23672
41932 24960 23058
41842 25638 22470
41706 26334 21910
41530 27040 21376
41308 27760 20884
41042 28486 20424
40736 29220 19996
40388 29956 19608
40002 30690 19260
39580 31426 18948
39120 32152 18678
38624 32870 18454
38100 33580 18274
37542 34278 18136
36956 34956 18040
36344 35614 18000
35708 36254 18000
35050 36868 18032
34374 37458 18118
33680 38022 18252
32972 38560 18426
32256 39052 18644
31530 39516 18906
30796 39946 19210
30062 40334 19554
29326 40688 19942
28592 41000 20358
27864 41272 20816
27142 41500 21312
26434 41684 21832
25738 41826 22388
25058 41922 22972
24394 41968 23582
23756 41968 24218
23138 41940 24874
22546 41856 25552
21986 41728 26240
21440 41556 26946
20948 41340 27664
20482 41080 28390
20050 40778 29122
19656 40438 29858
19302 40056 30594
18986 39636 31330
18714 39184 32056
18480 38688 32776
18294 38172 33488
18152 37618 34184
18052 37034 34864
18000 36426 35528
18000 35792 36172
18024 35138 36790
18106 34466 37382
18228 33774 37946
18400 33068 38492
18614 32352 38986
18870 31626 39456
19170 30894 39890
19508 30158 40286
19884 29422 40644
20302 28688 40962
20754 27960 41232
21248 27238 41474
21762 26528 41664
22316 25830 41808
22894 25146 41912
23500 24482 41966
24132 23840 41968
24786 23218 41948
25456 22622 41868
26150 22058 41748
26854 21514 41580
27568 21014 41370
28294 20542 41116
29026 20106 40822
29760 19706 40484
30496 19344 40110
31230 19026 39694
31960 18752 39246
32684 18510 38752
33394 18316 38240
34094 18168 37690
34778 18060 37116
35442 18004 36506
36086 18000 35880
36710 18016 35226
37306 18094 34554
37876 18212 33866
38416 18374 33162
38920 18584 32448
39398 18834 31722
39834 19126 30992
40238 19462 30256
40602 19834 29520
40922 20248 28784
41200 20690 28056
41444 21184 27334
41640 21696 26620
41792 22240 25920
41904 22816 25234
41962 23420 24570
41968 24048 23922
41954 24698 23300
41882 25370 22702
41766 26056 22128
41606 26758 21600
41400 27476 21088
41150 28198 20602
40862 28930 20160
40532 29664 19758
40160 30400 19392
39750 31134 19066
39308 31864 18784
38816 32588 18538
38304 33300 18338
37768 34002 18186
37190 34688 18072
36592 35356 18008
35960 36002 18000
35314 36630 18010
34644 37226 18080
33956 37804 18194
33256 38336 18350
32544 38848 18554
31818 39338 18800
31088 39780 19086
30354 40184 19412
29618 40556 19782
28882 40880 20188
28152 41168 20630
27430 41414 21120
26714 41618 21632
26012 41774 22162
25328 41888 22740
24654 41958 23338
24008 41968 23962
23380 41960 24610
22778 41896 25278
22204 41784 25964
21664 41630 26664
21152 41430 27380
20662 41184 28100
20220 40902 28832
19810 40580 29566
19440 40214 30302
19106 39808 31038
18818 39370 31768
18568 38888 32492
18362 38380 33208
18202 37840 33910
18086 37270 34598
18014 36668 35268
18000 36048 35920
18006 35400 36548
18064 34736 37152
18176 34050 37726
18328 33350 38272
18524 32638 38784
18768 31914 39276
19046 31184 39720
19366 30450 40134
19730 29714 40506
20132 28980 40842
20570 28250 41134
21046 27522 41384
21550 26808 41592
22092 26102 41756
22660 25414 41874
23256 24742 41952
23880 24090 41968
24524 23462 41964
25190 22854 41908
25872 22280 41800
26572 21728 41654
27284 21216 41458
28004 20722 41216
28734 20274 40942
29470 19858 40624
30204 19486 40262
30940 19150 39864
31674 18854 39428
32396 18598 38956
33114 18388 38456
33816 18220 37912
34512 18100 37346
35180 18020 36750
35832 18000 36132
36464 18002 35486
37072 18056 34822
37652 18160 34138
38206 18304 33444
38720 18494 32730
39214 18732 32010
39666 19006 31280
40082 19322 30548
40460 19680 29812
40798 20076 29076
41098 20510 28346
41354 20980 27618
41568 21474 26902
41738 22022 26196
41862 22584 25510
41944 23176 24832
41968 23794 24178
41968 24436 23542
41916 25100 22936
41816 25780 22352
41674 26480 21798
41488 27188 21280
41256 27908 20786
40982 28638 20332
40666 29372 19912
40312 30108 19532
39918 30844 19190
39488 31576 18888
39020 32300 18628
38528 33018 18414
37984 33726 18240
37422 34416 18112
36832 35094 18028
36214 35750 18000
35574 36384 18000
34912 36992 18046
34232 37578 18142
33536 38134 18284
32826 38656 18468
32106 39152 18692
31380 39608 18968
30644 40026 19280
29910 40412 19632
29172 40758 20022
28442 41062 20452
27712 41322 20916
26996 41542 21408
26290 41716 21946
25594 41850 22508
24918 41936 23098
24262 41968 23714
23628 41968 24352
23014 41928 25012
22428 41834 25690
21870 41694 26386
21344 41514 27094
20848 41290 27812
20388 41020 28542
19966 40708 29274
19580 40360 30010
19232 39972 30746
18926 39548 31478
18660 39086 32206
18440 38592 32926
18264 38060 33632
18126 37498 34328
18036 36910 35006
18000 36298 35662
18000 35660 36302
18036 35000 36916
18126 34320 37502
18264 33628 38062
18442 32922 38592
18662 32202 39088
18928 31476 39548
19234 30742 39976
19582 30006 40362
19970 29270 40716
20392 28538 41022
20850 27808 41292
21344 27092 41514
21872 26380 41694
22432 25690 41834
23018 25010 41928
23628 24348 41968
24264 23708 41968
24924 23094 41936
25598 22504 41850
26292 21942 41714
27002 21408 41538
27718 20912 41322
28446 20448 41060
29178 20020 40756
29914 19628 40412
30650 19276 40026
31380 18968 39606
32112 18692 39148
32832 18468 38656
33540 18284 38132
34234 18140 37576
34916 18046 36992
35578 18000 36378
36216 18000 35744
36834 18028 35088
37426 18112 34416
37990 18242 33722
38528 18414 33016
39024 18630 32298
39488 18890 31572
39920 19192 30840
40316 19534 30104
40666 19916 29368
40982 20334 28634
41260 20788 27906
41488 21280 27188
41674 21800 26474
41820 22356 25776
41916 22940 25096
41968 23548 24434
41968 24180 23792
41944 24834 23174
41862 25510 22582
41736 26200 22018
41566 26906 21472
41352 27622 20976
41098 28350 20508
40798 29082 20074
40458 29816 19680
40078 30552 19322
39662 31284 19004
39212 32016 18728
38720 32736 18494
38204 33448 18304
37650 34146 18158
37070 34828 18056
36462 35492 18002
35832 36134 18000
35176 36756 18020
34502 37350 18100
33814 37914 18222
33110 38462 18390
32392 38960 18598
31668 39432 18854
30936 39866 19150
30200 40264 19486
29466 40624 19860
28730 40946 20280
28002 41224 20724
27278 41460 21216
26568 41654 21730
25870 41800 22284
25186 41908 22860
24520 41964 23466
23874 41968 24096
23254 41952 24746
22658 41874 25420
22090 41754 26108
21544 41592 26810
21040 41384 27526
20568 41132 28252
20128 40838 28982
19730 40504 29718
19366 40134 30454
19044 39720 31188
18766 39272 31920
18522 38784 32640
18326 38272 33354
18176 37722 34052
18064 37148 34736
18006 36542 35404
18000 35914 36050
18014 35264 36674
18088 34596 37274
18202 33906 37842
18364 33202 38386
18570 32486 38894
18818 31764 39370
19108 31034 39810
19442 30298 40214
19810 29562 40580
20220 28828 40904
20664 28098 41184
21152 27374 41430
21664 26660 41630
22206 25962 41784
22782 25274 41898
23382 24608 41960
24010 23960 41968
24660 23334 41956
25328 22734 41886
26016 22160 41774
26718 21620 41616
27430 21108 41412
28156 20626 41168
28886 20188 40880
29622 19778 40550
30358 19410 40182
31092 19084 39776
31824 18800 39334
32544 18552 38848
33258 18350 38336
33962 18192 37800
34650 18076 37224
35318 18010 36624
35968 18000 36000
36592 18010 35352
37192 18074 34682
37772 18186 33998
38308 18338 33298
38824 18540 32582
39310 18784 31860
39752 19068 31130
40162 19396 30396
40534 19760 29660
40864 20162 28926
41152 20604 28194
41402 21088 27468
41606 21600 26754
41766 22130 26052
41884 22704 25362
41956 23304 24696
41968 23928 24042
41962 24572 23414
41900 25242 22812
41790 25926 22236
41640 26624 21696
41442 27334 21184
41200 28060 20688
40920 28788 20242
40598 29524 19832
40232 30260 19456
39834 30996 19126
39394 31726 18834
38912 32450 18582
38400 33166 18374
37872 33870 18212
37304 34554 18092
36706 35232 18014
36084 35880 18000
35438 36510 18004
34774 37118 18062
34090 37696 18168
33392 38240 18318
32678 38752 18510
31956 39248 18752
31226 39698 19028
30492 40110 19346
29756 40486 19710
29022 40822 20108
28290 41116 20546
27564 41372 21022
26850 41582 21522
26144 41748 22060
25456 41870 22626
24782 41948 23222
24128 41968 23842
23498 41966 24484
22890 41912 25150
22312 41808 25832
21760 41664 26532
21248 41470 27242
20750 41232 27964
20300 40960 28692
19884 40644 29426
19506 40286 30162
19166 39886 30898
18868 39454 31632
18614 38980 32356
18400 38486 33072
18228 37944 33778
18106 37380 34470
18024 36788 35142
18000 36166 35798
18000 35524 36430
18052 34862 37038
18152 34182 37618
18294 33484 38174
18482 32774 38688
18720 32054 39186
18988 31326 39642
19304 30590 40058
19658 29854 40438
20054 29118 40778
20484 28386 41082
20952 27660 41340
21444 26944 41556
21990 26238 41730
22550 25542 41856
23142 24870 41940
23760 24216 41968
24400 23580 41968
25062 22972 41922
25744 22384 41824
26438 21830 41684
27148 21312 41500
27868 20814 41268
28596 20356 40998
29328 19936 40688
30066 19552 40334
30800 19210 39944
31532 18906 39514
32260 18644 39048
32978 18424 38560
33684 18250 38014
34374 18118 37456
35054 18032 36866
35712 18000 36250
36346 18000 35612
36960 18040 34952
37544 18138 34274
38102 18274 33576
38624 18454 32870
39124 18680 32148
39582 18950 31422
40006 19260 30688
40390 19610 29952
40738 20000 29216
41044 20424 28482
41310 20888 27756
41530 21376 27036
41708 21914 26328
41842 22474 25638
41932 23062 24958
41968 23676 24298
41968 24314 23662
41932 24972 23048
41840 25648 22460
41704 26346 21902
41526 27052 21376
41306 27772 20876
41036 28500 20416
40728 29232 19990
40382 29968 19604
39994 30704 19250
39572 31436 18942
39112 32164 18676
38624 32884 18450
38090 33592 18272
37532 34288 18134
36944 34966 18040
36334 35626 18000
35696 36264 18000
35040 36880 18032
34362 37468 18118
33670 38030 18254
32962 38560 18430
32244 39060 18648
31518 39524 18912
30784 39952 19218
30048 40342 19562
29314 40694 19946
28578 41006 20366
27850 41278 20824
27130 41504 21312
26422 41686 21842
25726 41828 22398
25046 41922 22982
24386 41968 23594
23746 41968 24226
23128 41940 24884
22536 41856 25562
21972 41724 26252
21440 41550 26958
20940 41336 27676
20474 41074 28402
20042 40772 29136
19650 40432 29870
19294 40050 30606
18980 39628 31340
18706 39176 32068
18480 38688 32788
18294 38162 33500
18148 37608 34196
18052 37024 34876
18000 36416 35540
18000 35782 36180
18024 35128 36800
18106 34454 37390
18234 33762 37958
18406 33056 38496
18616 32340 38996
18872 31614 39464
19172 30882 39896
19512 30146 40294
19890 29410 40650
20312 28674 40966
20762 27946 41246
21248 27226 41474
21770 26516 41664
22322 25818 41812
22904 25136 41912
23510 24472 41966
24144 23826 41968
24798 23210 41948
25466 22614 41868
26160 22050 41746
26864 21504 41576
27580 21004 41368
28304 20532 41112
29038 20100 40816
29772 19700 40480
30508 19344 40102
31244 19022 39688
31972 18740 39238
32694 18508 38752
33406 18314 38234
34104 18164 37682
34788 18060 37102
35454 18004 36496
36096 18000 35868
36720 18016 35216
37314 18094 34544
37882 18214 33854
38430 18380 33150
38932 18586 32436
39404 18836 31710
39842 19130 30978
40240 19466 30244
40602 19842 29508
40928 20252 28774
41210 20700 28044
41446 21184 27322
41642 21698 26608
41794 22250 25908
41904 22824 25224
41962 23430 24558
41968 24056 23914
41954 24708 23288
41880 25382 22690
41764 26066 22122
41602 26770 21574
41398 27486 21068
41148 28210 20592
40858 28940 20156
40526 29676 19752
40154 30412 19386
39744 31148 19060
39298 31876 18776
38816 32602 18536
38304 33312 18336
37754 34014 18184
37182 34700 18070
36580 35366 18008
35952 36016 18000
35304 36636 18012
34630 37240 18082
33944 37810 18194
33244 38356 18354
32532 38868 18556
31806 39344 18802
31074 39786 19092
30342 40192 19420
29604 40560 19788
28870 40888 20192
28140 41172 20640
27418 41418 21120
26702 41620 21632
26000 41776 22174
25318 41892 22748
24644 41958 23350
23996 41968 23976
23370 41958 24622
22770 41892 25288
22192 41782 25974
21648 41628 26678
21132 41426 27392
20654 41184 28112
20212 40896 28844
19802 40570 29578
19432 40206 30314
19102 39802 31050
18816 39360 31780
18566 38880 32506
18360 38368 33220
18200 37832 33922
18082 37258 34608
18012 36662 35278
18000 36038 35928
18008 35390 36558
18070 34724 37160
18178 34038 37738
18330 33338 38282
18528 32626 38802
18768 31902 39282
19048 31172 39730
19376 30438 40142
19736 29702 40514
20140 28966 40844
20580 28236 41136
21056 27512 41386
21568 26798 41596
22098 26092 41758
22670 25402 41880
23268 24734 41954
23888 24080 41968
24536 23452 41962
25200 22846 41904
25884 22268 41800
26584 21726 41650
27296 21202 41456
28016 20718 41216
28748 20268 40938
29480 19854 40616
30216 19480 40256
30952 19142 39854
31684 18850 39418
32410 18596 38944
33126 18384 38432
33830 18218 37904
34522 18096 37336
35190 18018 36742
35846 18000 36118
36474 18002 35478
37084 18060 34810
37660 18160 34128
38208 18306 33432
38720 18500 32720
39220 18736 31998
39674 19010 31270
40086 19328 30536
40466 19688 29800
40804 20082 29064
41100 20518 28332
41356 20992 27606
41570 21504 26888
41740 22028 26186
41864 22592 25498
41946 23186 24820
41968 23804 24168
41968 24450 23532
41914 25112 22924
41816 25792 22344
41672 26490 21792
41484 27200 21280
41248 27922 20780
40978 28652 20322
40662 29384 19908
40304 30120 19526
39912 30854 19186
39478 31586 18886
39008 32314 18626
38508 33030 18410
37976 33738 18238
37414 34426 18110
36820 35104 18028
36206 35758 18000
35564 36394 18000
34902 37002 18046
34222 37586 18144
33524 38142 18284
32812 38656 18472
32096 39158 18704
31366 39614 18972
30632 40034 19282
29896 40418 19636
29160 40760 20030
28428 41066 20458
27702 41324 20928
26982 41546 21416
26278 41720 21956
25584 41850 22518
24908 41936 23106
24250 41968 23724
23616 41968 24362
23004 41928 25022
22418 41830 25702
21862 41694 26398
21344 41510 27104
20842 41280 27826
20382 41016 28554
19958 40706 29286
19576 40356 30022
19230 39964 30758
18920 39538 31490
18658 39074 32218
18438 38590 32934
18256 38046 33644
18126 37490 34340
18036 36900 35014
18000 36286 35676
18000 35648 36310
18036 34990 36926
18130 34310 37512
18264 33616 38070
18442 32908 38592
18672 32190 39094
18934 31462 39556
19242 30730 39984
19588 29994 40370
19974 29258 40718
20402 28524 41026
20860 27798 41294
21344 27078 41518
21884 26368 41700
22442 25676 41834
23028 24998 41928
23638 24338 41968
24276 23698 41968
24936 23084 41936
25610 22496 41846
26304 21934 41714
27010 21408 41538
27730 20904 41318
28456 20442 41052
29190 20014 40750
29926 19620 40404
30662 19272 40020
31394 18960 39596
32124 18688 39138
32842 18464 38656
33552 18278 38120
34246 18140 37566
34926 18046 36982
35588 18000 36370
36228 18000 35736
36846 18028 35078
37436 18114 34406
38000 18244 33710
38528 18418 33004
39032 18634 32288
39498 18896 31558
39926 19198 30828
40320 19542 30092
40676 19922 29356
40990 20342 28624
41262 20798 27894
41492 21280 27174
41674 21810 26464
41822 22366 25766
41916 22948 25086
41968 23558 24422
41968 24192 23780
41944 24846 23164
41860 25520 22572
41734 26212 22004
41562 26918 21472
41350 27636 20968
41092 28360 20500
40790 29092 20068
40450 29828 19674
40074 30564 19314
39654 31298 19000
39200 32028 18720
38720 32748 18490
38194 33458 18304
37642 34158 18154
37060 34838 18056
36450 35500 18002
35820 36144 18000
35168 36764 18020
34490 37358 18100
33804 37928 18224
33098 38464 18394
32382 38968 18604
31654 39438 18858
30924 39874 19158
30188 40270 19490
29452 40632 19868
28720 40950 20284
27990 41232 20736
27270 41460 21216
26556 41654 21738
25858 41804 22288
25174 41908 22872
24508 41964 23474
23864 41968 24104
23244 41952 24760
22650 41874 25434
22080 41752 26120
21536 41586 26822
21030 41380 27540
20560 41130 28262
20124 40834 28994
19722 40500 29730
19362 40126 30466
19038 39712 31202
18754 39262 31932
18520 38784 32652
18326 38266 33364
18172 37714 34064
18064 37140 34746
18006 36534 35416
18000 35904 36062
18014 35254 36686
18088 34586 37282
18206 33894 37848
18368 33192 38400
18574 32478 38906
18822 31752 39378
19112 31020 39816
19444 30286 40220
19818 29550 40582
20224 28816 40908
20674 28086 41196
21152 27360 41432
21666 26650 41632
22218 25950 41788
22790 25264 41898
23396 24598 41960
24024 23950 41968
24672 23324 41956
25338 22722 41886
26028 22154 41774
26728 21604 41610
27444 21094 41410
28168 20622 41164
28898 20180 40874
29634 19772 40546
30370 19408 40176
31104 19078 39770
31836 18790 39324
32556 18548 38848
33272 18348 38336
33972 18190 37786
34660 18076 37216
35328 18010 36616
35976 18000 35990
36604 18010 35342
37204 18076 34672
37778 18186 33986
38326 18344 33286
38840 18542 32570
39316 18786 31848
39760 19072 31118
40168 19398 30384
40538 19768 29648
40870 20172 28912
41160 20614 28182
41404 21088 27456
41608 21600 26744
41768 22142 26040
41886 22714 25352
41956 23312 24682
41968 23936 24032
41960 24584 23406
41898 25254 22804
41790 25936 22226
41636 26636 21678
41440 27348 21160
41200 28072 20684
40914 28802 20234
40592 29536 19824
40228 30272 19452
39828 31006 19120
39384 31738 18828
38912 32460 18580
38400 33178 18370
37866 33880 18210
37292 34568 18088
36694 35240 18014
36072 35894 18000
35428 36522 18006
34762 37126 18064
34078 37706 18170
33380 38252 18320
32666 38776 18514
31944 39254 18752
31216 39706 19036
30480 40116 19354
29744 40492 19714
29010 40828 20114
28278 41118 20552
27552 41372 21024
26838 41586 21536
26132 41750 22066
25446 41872 22636
24770 41952 23230
24120 41968 23852
23486 41964 24496
22880 41908 25160
22302 41806 25842
21754 41660 26542
21226 41466 27252
20746 41232 27976
20290 40958 28706
19878 40634 29438
19498 40280 30174
19160 39880 30910
18866 39444 31642
18612 38976 32368
18396 38464 33084
18226 37936 33790
18102 37372 34480
18020 36776 35154
18000 36158 35808
18002 35516 36438
18056 34852 37048
18152 34170 37628
18296 33472 38176
18486 32762 38708
18720 32040 39192
18992 31312 39648
19312 30578 40066
19666 29842 40448
20062 29108 40786
20494 28374 41084
20960 27648 41342
21472 26932 41560
21996 26226 41732
22560 25530 41860
23154 24858 41944
23770 24202 41968
24410 23570 41968
25074 22960 41916
25754 22378 41824
26448 21824 41682
27162 21312 41494
27880 20808 41264
28606 20350 40994
29342 19928 40684
30078 19548 40326
30814 19204 39936
31546 18900 39506
32272 18642 39040
32990 18422 38528
33696 18248 38008
34388 18116 37446
35064 18030 36858
35720 18000 36240
36358 18000 35600
36968 18042 34940
37554 18138 34260
38110 18276 33564
38624 18460 32858
39130 18688 32136
39590 18954 31408
40014 19264 30676
40394 19616 29940
40744 20006 29204
41048 20434 28470
41312 20898 27744
41532 21408 27028
41712 21924 26316
41844 22484 25626
41932 23072 24948
41968 23688 24288
41968 24324 23654
41932 24982 23040
41838 25660 22452
41704 26356 21894
41522 27066 21376
41296 27784 20870
41032 28510 20410
40726 29244 19984
40380 29980 19596
39990 30716 19248
39564 31450 18938
39102 32176 18672
38612 32896 18448
38078 33604 18266
37522 34298 18132
36934 34978 18040
36324 35638 18000
35686 36276 18000
35030 36890 18032
34352 37480 18122
33658 38038 18254
32952 38560 18434
32232 39066 18656
31504 39530 18918
30772 39958 19220
30036 40350 19566
29300 40698 19952
28570 41012 20374
27840 41280 20836
27120 41504 21314
26412 41692 21854
25714 41828 22408
25034 41922 22992
24376 41968 23602
23732 41968 24240
23118 41940 24896
22528 41854 25574
21964 41722 26264
21440 41550 26970
20932 41326 27688
20466 41068 28414
20036 40768 29146
19644 40424 29882
19292 40044 30618
18978 39622 31354
18704 39164 32080
18476 38686 32800
18288 38152 33512
18146 37598 34208
18052 37016 34888
18000 36404 35550
18000 35774 36190
18024 35116 36808
18108 34440 37404
18236 33750 37968
18406 33046 38496
18620 32326 39004
18880 31602 39470
19178 30868 39904
19518 30134 40300
19898 29398 40656
20316 28666 40970
20774 27936 41248
21250 27212 41480
21780 26504 41668
22330 25808 41814
22912 25126 41912
23522 24462 41966
24152 23818 41968
24808 23198 41948
25478 22604 41866
26172 22036 41744
26876 21504 41574
27592 20996 41362
28318 20526 41108
29050 20094 40810
29786 19696 40472
30522 19334 40094
31256 19016 39682
31984 18736 39226
32704 18502 38752
33416 18314 38226
34116 18162 37674
34800 18060 37092
35464 18004 36490
36110 18000 35856
36730 18016 35204
37324 18096 34534
37894 18216 33844
38432 18382 33138
38940 18590 32422
39410 18840 31698
39848 19138 30966
40248 19474 30232
40610 19846 29496
40932 20258 28762
41214 20712 28032
41452 21184 27308
41642 21706 26596
41798 22256 25898
41904 22834 25212
41962 23440 24548
41968 24068 23904
41954 24718 23280
41880 25392 22682
41762 26078 22112
41598 26780 21568
41392 27496 21058
41144 28222 20588
40850 28954 20146
40516 29688 19744
40148 30424 19378
39738 31156 19056
39288 31888 18770
38816 32612 18532
38298 33322 18336
37746 34026 18180
37172 34712 18070
36570 35378 18008
35944 36024 18000
35292 36650 18012
34618 37250 18082
33934 37816 18196
33232 38368 18360
32518 38878 18560
31794 39348 18804
31064 39792 19096
30328 40200 19424
29594 40566 19792
28858 40892 20202
28128 41180 20650
27404 41422 21120
26690 41620 21634
25990 41780 22186
25306 41892 22758
24636 41958 23358
23984 41968 23984
23360 41958 24632
22758 41892 25300
22186 41780 25988
21636 41620 26690
21122 41422 27402
20650 41180 28126
20202 40894 28858
19796 40568 29590
19428 40200 30326
19098 39794 31060
18806 39350 31792
18562 38880 32516
18360 38368 33232
18196 37820 33934
18082 37250 34618
18012 36650 35292
18000 36024 35940
18008 35378 36566
18070 34714 37172
18178 34028 37746
18336 33326 38296
18530 32614 38814
18770 31890 39286
19056 31162 39736
19378 30426 40148
19744 29690 40516
20146 28954 40850
20588 28224 41144
21058 27500 41392
21568 26786 41598
22110 26080 41760
22680 25392 41880
23276 24722 41954
23898 24072 41968
24546 23440 41962
25212 22840 41904
25896 22258 41798
26596 21708 41642
27308 21186 41454
28030 20712 41216
28758 20258 40932
29492 19850 40614
30230 19474 40248
30964 19138 39848
31696 18842 39412
32420 18592 38942
33138 18382 38432
33842 18216 37898
34534 18096 37326
35202 18016 36732
35856 18000 36112
36488 18004 35464
37092 18060 34800
37674 18162 34118
38222 18310 33420
38750 18502 32710
39224 18736 31986
39680 19016 31258
40094 19334 30524
40472 19692 29788
40810 20092 29052
41106 20526 28320
41362 20994 27596
41574 21504 26878
41742 22034 26174
41866 22600 25486
41948 23198 24810
41968 23818 24154
41966 24458 23524
41912 25122 22914
41814 25806 22334
41668 26500 21782
41480 27212 21252
41248 27934 20774
40970 28660 20318
40656 29396 19898
40300 30132 19520
39906 30868 19180
39472 31600 18884
39004 32324 18624
38496 33042 18406
37968 33748 18236
37404 34438 18108
36812 35116 18024
36194 35768 18000
35552 36404 18000
34892 37014 18052
34210 37596 18146
33512 38148 18288
32804 38684 18476
32082 39162 18704
31354 39622 18974
30620 40042 19292
29884 40424 19642
29150 40768 20036
28418 41068 20466
27690 41326 20932
26972 41548 21440
26266 41722 21964
25574 41854 22526
24896 41940 23116
24242 41968 23732
23604 41968 24372
22996 41922 25034
22410 41828 25712
21856 41692 26410
21320 41506 27116
20836 41280 27838
20376 41012 28564
19952 40698 29298
19566 40350 30034
19222 39958 30770
18918 39530 31504
18656 39068 32228
18434 38560 32948
18254 38040 33654
18122 37480 34352
18032 36890 35028
18000 36276 35686
18000 35638 36322
18040 34978 36932
18132 34298 37522
18266 33606 38078
18448 32896 38600
18672 32178 39100
18938 31450 39562
19244 30718 39988
19596 29982 40376
19982 29246 40724
20406 28514 41032
20870 27786 41296
21376 27066 41522
21892 26360 41702
22450 25662 41838
23036 24988 41930
23650 24326 41968
24288 23690 41968
24946 23072 41934
25622 22486 41844
26316 21926 41712
27022 21408 41532
27742 20898 41312
28468 20434 41048
29202 20006 40744
29938 19618 40396
30672 19264 40014
31408 18956 39590
32132 18688 39130
32856 18460 38624
33564 18276 38112
34256 18138 37554
34938 18044 36970
35598 18000 36360
36238 18000 35724
36856 18030 35068
37444 18114 34394
38006 18246 33698
38528 18420 32992
39038 18642 32274
39502 18900 31550
39932 19202 30814
40326 19544 30080
40678 19926 29344
40994 20348 28610
41264 20806 27880
41494 21296 27162
41682 21824 26452
41824 22376 25754
41916 22958 25074
41968 23568 24412
41968 24200 23770
41944 24858 23154
41860 25530 22560
41732 26222 21996
41560 26928 21472
41342 27648 20962
41084 28372 20494
40786 29104 20062
40448 29840 19666
40066 30576 19312
39650 31308 18992
39192 32036 18720
38712 32762 18488
38180 33470 18298
37630 34168 18154
37052 34850 18056
36442 35514 18002
35808 36156 18000
35156 36776 18020
34480 37368 18102
33792 37936 18226
33086 38464 18394
32370 38976 18612
31646 39444 18866
30912 39880 19160
30176 40278 19498
29440 40634 19878
28706 40954 20290
27976 41232 20744
27258 41466 21222
26544 41660 21750
25846 41806 22298
25162 41908 22880
24500 41964 23486
23856 41968 24116
23236 41952 24768
22638 41872 25446
22068 41750 26130
21536 41586 26836
21024 41374 27552
20556 41122 28276
20114 40830 29008
19716 40494 29742
19354 40118 30478
19036 39708 31212
18752 39254 31942
18514 38778 32666
18322 38256 33376
18170 37706 34074
18064 37128 34758
18006 36522 35428
18000 35896 36072
18014 35242 36694
18088 34574 37290
18210 33882 37862
18370 33180 38400
18578 32466 38912
18826 31742 39382
19118 31010 39824
19452 30274 40226
19824 29538 40592
20234 28802 40914
20682 28074 41200
21158 27354 41440
21676 26638 41634
22224 25938 41790
22802 25254 41898
23404 24584 41960
24032 23938 41968
24682 23314 41956
25350 22714 41886
26038 22144 41770
26742 21600 41608
27456 21088 41406
28180 20616 41162
28912 20172 40870
29646 19768 40538
30382 19400 40170
31116 19072 39762
31846 18786 39316
32570 18544 38842
33284 18346 38328
33984 18186 37780
34672 18076 37206
35338 18010 36604
35986 18000 35976
36612 18010 35330
37214 18076 34662
37784 18188 33974
38336 18348 33274
38848 18548 32562
39322 18790 31838
39770 19078 31106
40176 19408 30372
40546 19772 29636
40874 20178 28900
41164 20620 28170
41408 21094 27446
41610 21604 26732
41774 22154 26030
41886 22722 25340
41956 23324 24672
41968 23946 24024
41960 24594 23396
41898 25264 22790
41788 25948 22220
41632 26648 21668
41432 27360 21152
41198 28082 20678
40910 28812 20228
40586 29548 19818
40222 30284 19446
39818 31020 19114
39378 31750 18822
38908 32474 18574
38400 33190 18370
37850 33892 18206
37282 34580 18088
36686 35252 18014
36062 35904 18000
35420 36532 18006
34752 37134 18064
34066 37714 18172
33368 38264 18326
32652 38784 18520
31934 39260 18754
31202 39712 19036
30468 40124 19358
29732 40500 19720
28998 40830 20122
28268 41128 20558
27540 41378 21030
26824 41586 21536
26122 41752 22076
25434 41874 22646
24760 41952 23242
24108 41968 23864
23478 41964 24508
22872 41908 25172
22290 41806 25854
21740 41654 26554
21216 41464 27264
20738 41232 27986
20284 40950 28716
19870 40632 29452
19496 40270 30186
19158 39874 30922
18858 39440 31654
18604 38970 32378
18394 38464 33094
18224 37930 33802
18100 37358 34490
18020 36766 35166
18000 36146 35816
18002 35504 36450
18056 34840 37056
18154 34160 37638
18304 33460 38192
18490 32748 38720
18720 32030 39198
18998 31298 39654
19312 30566 40070
19672 29830 40450
20068 29094 40790
20500 28364 41090
20966 27636 41350
21472 26918 41562
22004 26214 41734
22568 25520 41860
23160 24848 41944
23780 24192 41968
24420 23560 41968
25084 22948 41916
25766 22366 41822
26460 21812 41676
27170 21280 41492
27892 20800 41264
28620 20344 40990
29354 19922 40676
30090 19542 40324
30824 19198 39928
31556 18896 39498
32284 18634 39034
33002 18418 38528
33708 18246 38000
34400 18114 37436
35074 18028 36846
35734 18000 36230
36368 18000 35590
36980 18046 34928
37562 18140 34246
38118 18278 33552
38656 18464 32844
39136 18688 32126
39594 18960 31396
40020 19272 30662
40402 19620 29928
40750 20012 29192
41050 20440 28460
41314 20904 27732
41538 21408 27014
41714 21932 26306
41846 22492 25616
41936 23082 24936
41968 23698 24278
41968 24336 23642
41928 24994 23030
41834 25672 22444
41702 26368 21888
41518 27078 21344
41294 27796 20866
41030 28524 20402
40718 29256 19978
40370 29992 19588
39984 30728 19242
39558 31460 18934
39096 32190 18672
38592 32908 18444
38072 33616 18264
37512 34310 18130
36928 34988 18036
36312 35646 18000
35676 36284 18000
35018 36900 18036
34342 37488 18126
33646 38046 18256
32938 38584 18438
32222 39072 18658
31494 39536 18920
30760 39964 19228
30024 40356 19574
29288 40706 19958
28556 41014 20382
27828 41280 20840
27110 41510 21344
26400 41694 21860
25704 41830 22416
25024 41928 23004
24362 41968 23614
23724 41968 24250
23108 41936 24906
22518 41852 25584
21958 41720 26276
21424 41546 26982
20928 41326 27700
20462 41066 28428
20032 40762 29158
19640 40418 29894
19282 40036 30630
18972 39618 31362
18704 39158 32094
18472 38656 32812
18286 38144 33524
18144 37588 34220
18048 37004 34900
18000 36396 35560
18000 35760 36204
18026 35106 36820
18110 34426 37412
18238 33740 37974
18410 33034 38496
18626 32318 39008
18886 31590 39478
19184 30858 39912
19524 30122 40302
19906 29386 40662
20322 28652 40976
20778 27924 41248
21280 27202 41482
21792 26492 41672
22344 25798 41816
22922 25114 41912
23532 24450 41968
24162 23810 41968
24820 23188 41946
25488 22594 41866
26184 22028 41740
26886 21504 41572
27604 20992 41356
28332 20520 41102
29062 20086 40806
29798 19688 40466
30534 19332 40088
31266 19010 39674
31998 18736 39220
32716 18500 38736
33428 18306 38208
34128 18160 37664
34810 18060 37084
35474 18004 36476
36118 18000 35848
36738 18016 35194
37336 18096 34522
37904 18218 33832
38432 18384 33126
38944 18596 32410
39418 18850 31686
39854 19142 30956
40256 19476 30220
40614 19852 29484
40938 20266 28748
41216 20716 28018
41454 21198 27296
41648 21720 26586
41798 22266 25886
41904 22844 25202
41962 23448 24538
41968 24080 23890
41954 24732 23268
41880 25402 22674
41758 26092 22100
41596 26792 21568
41386 27508 21056
41136 28234 20580
40846 28966 20140
40514 29700 19738
40142 30436 19376
39730 31170 19050
39282 31902 18768
38804 32620 18528
38286 33336 18330
37740 34036 18178
37160 34722 18070
36560 35388 18008
35930 36032 18000
35282 36658 18012
34608 37256 18082
33922 37830 18200
33222 38368 18360
32506 38880 18564
31782 39356 18812
31052 39802 19100
30318 40204 19430
29580 40570 19800
28848 40896 20210
28116 41182 20654
27392 41426 21130
26680 41626 21646
25980 41782 22192
25292 41892 22768
24622 41958 23370
23976 41968 23992
23350 41958 24644
22750 41892 25310
22178 41776 26000
21632 41620 26700
21120 41418 27414
20640 41176 28136
20196 40890 28866
19790 40560 29602
19420 40192 30338
19092 39786 31074
18802 39346 31806
18556 38870 32528
18356 38360 33242
18194 37812 33944
18082 37242 34630
18012 36640 35300
18000 36016 35952
18008 35368 36578
18070 34702 37182
18182 34016 37754
18336 33316 38304
18536 32602 38816
18776 31878 39298
19060 31148 39744
19386 30414 40150
19752 29678 40526
20154 28944 40858
20592 28212 41148
21066 27488 41396
21572 26774 41600
22120 26068 41764
22690 25382 41880
23288 24710 41954
23912 24060 41968
24556 23432 41962
25222 22828 41904
25906 22252 41796
26606 21700 41642
27320 21184 41446
28040 20702 41212
28770 20252 40928
29506 19842 40602
30242 19466 40244
30978 19132 39842
31710 18838 39408
32434 18586 38934
33148 18380 38432
33854 18214 37882
34544 18094 37318
35212 18016 36720
35864 18000 36100
36496 18004 35454
37102 18060 34790
37682 18164 34106
38234 18314 33408
38752 18508 32698
39236 18740 31974
39686 19022 31246
40102 19340 30512
40480 19698 29776
40816 20098 29040
41112 20532 28308
41366 21002 27584
41574 21504 26868
41744 22046 26162
41868 22614 25472
41948 23206 24798
41968 23826 24144
41966 24472 23510
41912 25134 22908
41812 25816 22324
41664 26512 21770
41474 27226 21248
41248 27944 20764
40966 28674 20312
40654 29408 19892
40294 30144 19514
39898 30880 19174
39464 31614 18874
38998 32338 18618
38496 33054 18406
37960 33760 18234
37394 34448 18106
36802 35126 18024
36182 35782 18000
35542 36412 18000
34880 37024 18052
34198 37606 18146
33502 38160 18294
32794 38688 18476
32068 39176 18706
31344 39628 18980
30608 40048 19294
29872 40428 19650
29136 40770 20042
28404 41074 20472
27680 41336 20938
26960 41550 21440
26254 41724 21972
25562 41856 22536
24886 41940 23128
24232 41968 23744
23596 41968 24382
22984 41922 25044
22400 41828 25724
21844 41686 26420
21312 41504 27130
20826 41278 27848
20370 41008 28578
19948 40696 29310
19564 40342 30046
19218 39952 30782
18914 39524 31514
18648 39062 32242
18430 38560 32960
18254 38032 33666
18120 37472 34362
18032 36880 35038
18000 36268 35694
18000 35628 36334
18040 34968 36944
18134 34288 37530
18270 33594 38088
18450 32884 38624
18674 32164 39110
18942 31440 39570
19250 30706 39994
19600 29970 40382
19988 29234 40728
20414 28500 41036
20876 27774 41304
21376 27054 41526
21900 26348 41704
22460 25650 41838
23046 24974 41932
23660 24316 41968
24296 23678 41968
24956 23064 41932
25638 22478 41842
26328 21916 41710
27034 21376 41530
27754 20890 41310
28482 20426 41044
29214 20000 40738
29950 19610 40392
30686 19260 40008
31418 18952 39584
32146 18684 39124
32864 18454 38624
33576 18274 38104
34266 18138 37548
34948 18040 36960
35610 18000 36346
36248 18000 35712
36864 18032 35056
37454 18118 34384
38014 18248 33686
38558 18424 32980
39046 18644 32262
39512 18904 31536
39940 19210 30804
40332 19552 30068
40686 19934 29332
40998 20354 28596
41264 20812 27870
41498 21312 27148
41684 21828 26440
41824 22384 25744
41922 22968 25064
41968 23576 24402
41968 24212 23760
41940 24866 23142
41856 25542 22552
41730 26234 21990
41556 26940 21448
41340 27658 20956
41082 28384 20486
40782 29118 20054
40440 29852 19658
40058 30588 19304
39642 31322 18990
39186 32050 18720
38688 32770 18484
38176 33480 18294
37620 34180 18152
37040 34860 18052
36432 35524 18000
35800 36166 18000
35144 36784 18024
34470 37378 18104
33780 37942 18228
33074 38482 18398
32356 38978 18612
31632 39452 18868
30900 39886 19166
30164 40286 19506
29428 40642 19884
28694 40960 20300
27966 41232 20750
27244 41470 21248
26532 41664 21760
25834 41808 22312
25152 41910 22888
24488 41966 23496
23844 41968 24128
23224 41950 24778
22628 41870 25456
22062 41748 26142
21536 41582 26846
21024 41372 27562
20546 41116 28288
20108 40824 29018
19710 40488 29754
19348 40112 30490
19030 39700 31226
18752 39250 31954
18512 38752 32678
18318 38240 33388
18168 37696 34086
18064 37120 34770
18004 36514 35436
18000 35884 36080
18014 35232 36706
18090 34562 37302
18212 33872 37872
18372 33168 38400
18582 32452 38912
18832 31728 39392
19126 30996 39832
19456 30262 40232
19830 29526 40594
20242 28794 40920
20688 28062 41200
21174 27340 41442
21694 26626 41640
22232 25928 41790
22812 25242 41900
23414 24576 41960
24040 23928 41968
24694 23306 41956
25360 22708 41886
26050 22132 41768
26754 21600 41606
27468 21088 41402
28192 20606 41152
28922 20166 40864
29658 19760 40536
30394 19398 40166
31130 19068 39754
31858 18784 39312
32582 18542 38830
33296 18338 38314
33996 18186 37774
34682 18076 37194
35350 18010 36594
35998 18000 35968
36624 18010 35320
37222 18076 34650
37798 18192 33964
38336 18350 33264
38848 18552 32548
39332 18800 31824
39776 19082 31092
40182 19410 30360
40550 19778 29622
40880 20186 28890
41168 20626 28158
41412 21104 27434
41616 21616 26722
41774 22160 26018
41886 22732 25330
41956 23332 24664
41968 23960 24012
41960 24604 23384
41898 25274 22782
41784 25960 22210
41632 26660 21664
41432 27372 21152
41184 28096 20668
40904 28826 20220
40580 29560 19810
40216 30296 19442
39812 31032 19110
39372 31762 18820
38898 32486 18570
38390 33202 18364
37844 33904 18202
37274 34594 18088
36676 35264 18014
36052 35912 18000
35406 36540 18006
34740 37146 18064
34054 37720 18176
33354 38272 18326
32644 38784 18522
31920 39272 18762
31192 39716 19040
30456 40132 19366
29720 40504 19728
28986 40838 20128
28254 41132 20566
27528 41384 21038
26814 41592 21542
26110 41754 22088
25424 41874 22654
24750 41952 23250
24096 41968 23874
23468 41964 24516
22860 41908 25182
22284 41802 25868
21730 41654 26566
21216 41460 27276
20726 41224 28000
20280 40946 28730
19866 40624 29462
19486 40264 30198
19150 39868 30934
18854 39432 31666
18600 38962 32390
18392 38464 33106
18222 37914 33812
18100 37350 34502
18020 36756 35174
18000 36136 35830
18002 35492 36462
18056 34830 37064
18158 34148 37648
18304 33448 38202
18494 32736 38720
18724 32016 39210
19004 31290 39660
19322 30554 40078
19676 29818 40456
20074 29082 40796
20508 28350 41096
20974 27624 41352
21472 26906 41566
22014 26202 41736
22578 25510 41862
23172 24836 41944
23790 24184 41968
24432 23550 41968
25094 22940 41916
25776 22356 41820
26472 21802 41674
27180 21280 41488
27904 20790 41260
28634 20336 40982
29366 19916 40670
30102 19534 40318
30836 19192 39922
31568 18890 39492
32294 18630 39026
33012 18418 38528
33718 18244 37992
34414 18112 37428
35086 18028 36836
35744 18000 36220
36378 18000 35580
36990 18046 34916
37574 18140 34234
38130 18284 33542
38656 18468 32832
39148 18690 32112
39602 18964 31386
40026 19274 30652
40410 19628 29916
40754 20018 29180
41058 20448 28446
41322 20910 27720
41538 21408 27002
41714 21940 26296
41850 22502 25606
41936 23090 24926
41968 23706 24266
41968 24346 23630
41928 25004 23018
41834 25682 22434
41694 26380 21874
41516 27086 21344
41292 27808 20852
41024 28536 20392
40716 29268 19970
40364 30004 19584
39978 30740 19238
39550 31472 18930
39090 32200 18662
38592 32920 18442
38064 33628 18264
37504 34320 18126
36916 34998 18036
36302 35658 18000
35662 36296 18000
35008 36910 18036
34330 37498 18126
33634 38058 18262
32928 38592 18438
32208 39084 18660
31482 39544 18926
30748 39972 19232
30012 40360 19580
29278 40708 19966
28542 41020 20388
27816 41290 20846
27098 41514 21344
26388 41694 21868
25692 41832 22426
25012 41928 23012
24354 41968 23624
23714 41968 24258
23100 41936 24916
22510 41850 25594
21948 41718 26286
21408 41542 26996
20916 41324 27712
20452 41062 28438
20022 40758 29172
19634 40414 29906
19280 40026 30642
18968 39610 31376
18696 39152 32104
18468 38656 32826
18284 38136 33534
18144 37580 34230
18046 36996 34910
18000 36386 35574
18000 35750 36212
18028 35094 36830
18112 34416 37420
18240 33728 37980
18412 33022 38528
18628 32304 39020
18888 31578 39486
19190 30846 39918
19530 30110 40312
19912 29374 40666
20332 28642 40982
20784 27912 41252
21280 27194 41488
21796 26480 41674
22350 25784 41816
22934 25104 41916
23542 24440 41968
24176 23796 41968
24830 23178 41944
25502 22586 41862
26194 22022 41740
26900 21478 41568
27616 20982 41354
28342 20512 41098
29074 20078 40798
29810 19682 40460
30544 19324 40084
31280 19006 39668
32008 18736 39216
32730 18496 38720
33440 18304 38208
34138 18160 37652
34820 18056 37074
35486 18002 36468
36128 18000 35838
36750 18020 35184
37344 18100 34512
37910 18220 33820
38454 18388 33116
38952 18598 32400
39426 18852 31674
39862 19146 30942
40262 19484 30208
40624 19858 29472
40942 20274 28738
41216 20722 28008
41458 21216 27284
41652 21728 26574
41800 22278 25874
41908 22852 25190
41964 23460 24526
41968 24088 23882
41952 24740 23260
41874 25414 22662
41756 26100 22092
41594 26806 21552
41384 27520 21050
41134 28246 20570
40842 28976 20134
40506 29712 19730
40134 30448 19366
39720 31184 19046
39278 31912 18768
38784 32634 18524
38272 33348 18328
37728 34048 18176
37152 34734 18064
36548 35398 18006
35920 36046 18000
35270 36668 18014
34598 37266 18086
33912 37840 18202
33210 38368 18362
32492 38880 18568
31772 39366 18818
31040 39808 19106
30304 40210 19434
29568 40576 19808
28834 40902 20216
28104 41184 20660
27380 41430 21152
26668 41630 21664
25968 41782 22200
25280 41896 22778
24612 41960 23376
23966 41968 24008
23338 41958 24654
22742 41890 25322
22164 41774 26012
21632 41618 26712
21120 41414 27424
20630 41168 28150
20188 40882 28880
19784 40556 29614
19414 40186 30350
19088 39780 31086
18800 39338 31816
18554 38848 32538
18350 38336 33254
18194 37806 33956
18080 37228 34640
18012 36630 35312
18000 36006 35960
18008 35358 36588
18072 34690 37190
18184 34004 37764
18338 33304 38304
18538 32588 38816
18784 31868 39306
19066 31138 39748
19388 30402 40158
19754 29666 40528
20160 28930 40862
20598 28200 41150
21080 27476 41400
21588 26760 41606
22128 26058 41766
22698 25370 41882
23298 24700 41954
23920 24048 41968
24568 23420 41962
25232 22816 41904
25918 22242 41792
26618 21696 41640
27328 21184 41444
28054 20692 41200
28784 20248 40924
29518 19834 40602
30254 19462 40238
30988 19126 39836
31718 18834 39398
32446 18584 38922
33160 18376 38418
33866 18212 37876
34554 18094 37308
35226 18016 36712
35878 18000 36088
36506 18004 35444
37112 18060 34778
37688 18168 34096
38240 18314 33396
38752 18510 32684
39246 18752 31964
39694 19026 31234
40110 19344 30500
40482 19706 29764
40818 20104 29028
41114 20540 28296
41370 21012 27572
41580 21510 26854
41748 22056 26152
41868 22622 25456
41948 23218 24788
41968 23836 24136
41966 24482 23504
41912 25146 22896
41808 25830 22316
41664 26524 21762
41474 27238 21248
41236 27958 20754
40962 28688 20304
40646 29420 19886
40288 30156 19508
39892 30892 19170
39458 31622 18870
38988 32350 18614
38494 33066 18400
37948 33772 18230
37386 34458 18106
36792 35136 18024
36174 35790 18000
35532 36426 18000
34868 37032 18052
34188 37616 18150
33490 38170 18294
32780 38688 18480
32060 39182 18712
31330 39636 18986
30596 40054 19302
29860 40436 19656
29124 40778 20050
28392 41080 20480
27668 41340 20946
26950 41554 21440
26242 41728 21984
25552 41856 22546
24874 41940 23136
24218 41968 23754
23584 41968 24394
22976 41922 25054
22390 41826 25734
21834 41684 26432
21312 41500 27142
20818 41276 27862
20360 41000 28588
19942 40688 29324
19556 40338 30058
19212 39946 30794
18908 39516 31526
18646 39054 32254
18426 38560 32972
18252 38022 33678
18118 37460 34374
18032 36872 35050
18000 36254 35706
18000 35616 36340
18040 34956 36954
18134 34278 37540
18274 33582 38098
18454 32874 38624
18678 32156 39120
18948 31426 39580
19260 30694 40002
19608 29958 40388
19996 29222 40736
20420 28492 41042
20882 27762 41308
21376 27044 41528
21908 26336 41704
22470 25640 41842
23056 24962 41932
23668 24306 41968
24308 23666 41968
24968 23052 41932
25648 22466 41842
26340 21906 41704
27046 21376 41526
27766 20880 41308
28492 20420 41040
29226 19992 40734
29962 19606 40386
30698 19252 40000
31430 18946 39576
32158 18676 39118
32876 18454 38624
33588 18274 38096
34278 18134 37536
34958 18040 36950
35620 18000 36340
36260 18000 35704
36874 18032 35044
37464 18118 34370
38026 18254 33676
38560 18430 32968
39056 18646 32250
39520 18908 31522
39948 19212 30790
40338 19556 30056
40692 19942 29318
41000 20362 28588
41276 20820 27858
41500 21312 27136
41684 21836 26428
41828 22392 25734
41922 22976 25052
41968 23590 24390
41968 24224 23752
41940 24880 23134
41856 25552 22542
41726 26246 21978
41554 26952 21440
41338 27670 20944
41078 28396 20480
40776 29128 20048
40434 29864 19652
40052 30600 19302
39634 31334 18986
39180 32062 18708
38688 32780 18480
38168 33492 18294
37614 34192 18150
37028 34872 18052
36424 35532 18000
35788 36176 18000
35134 36794 18024
34458 37386 18106
33768 37950 18232
33062 38496 18402
32346 38992 18616
31618 39460 18870
30886 39894 19170
30152 40288 19510
29416 40646 19890
28684 40964 20306
27954 41240 20756
27232 41474 21248
26520 41664 21764
25822 41810 22318
25140 41912 22898
24476 41966 23504
23834 41968 24136
23212 41948 24792
22618 41868 25466
22054 41746 26154
21508 41580 26856
21008 41370 27574
20538 41114 28300
20102 40818 29032
19704 40482 29768
19344 40108 30502
19022 39688 31238
18744 39244 31966
18508 38752 32688
18314 38238 33400
18168 37684 34098
18060 37108 34782
18004 36502 35448
18000 35872 36094
18016 35222 36714
18094 34550 37310
18214 33860 37878
18376 33158 38424
18584 32442 38926
18836 31716 39400
19130 30986 39840
19464 30250 40238
19834 29514 40602
20248 28780 40924
20696 28050 41200
21184 27328 41446
21696 26616 41642
22246 25916 41792
22820 25232 41904
23424 24564 41962
24054 23920 41968
24704 23294 41954
25372 22694 41880
26062 22126 41766
26766 21582 41604
27482 21074 41398
28204 20598 41150
28934 20158 40860
29670 19754 40528
30406 19388 40158
31138 19064 39748
31870 18784 39304
32594 18538 38816
33306 18338 38304
34006 18184 37762
34694 18070 37186
35360 18008 36586
36008 18000 35958
36632 18012 35308
37232 18082 34640
37808 18194 33952
38348 18350 33252
38860 18556 32538
39342 18800 31812
39780 19088 31082
40190 19418 30348
40558 19786 29612
40884 20192 28876
41168 20634 28144
41416 21120 27424
41618 21632 26710
41776 22168 26006
41892 22744 25318
41958 23344 24650
41968 23968 24000
41958 24616 23376
41894 25286 22776
41782 25970 22196
41630 26670 21662
41428 27386 21146
41184 28108 20658
40900 28838 20216
40574 29572 19806
40208 30308 19434
39806 31042 19106
39364 31774 18816
38880 32500 18566
38368 33212 18362
37838 33916 18202
37264 34606 18084
36666 35272 18012
36040 35926 18000
35396 36554 18006
34726 37156 18068
34042 37732 18178
33344 38272 18328
32634 38784 18526
31908 39280 18768
31180 39726 19048
30444 40136 19370
29708 40512 19736
28974 40842 20134
28242 41134 20574
27518 41386 21056
26802 41594 21568
26098 41756 22094
25414 41876 22664
24736 41954 23262
24088 41968 23884
23458 41964 24528
22850 41906 25194
22272 41800 25878
21728 41650 26576
21216 41458 27290
20720 41216 28012
20270 40940 28742
19858 40622 29474
19484 40258 30212
19146 39860 30946
18852 39424 31678
18596 38946 32404
18386 38446 33118
18220 37908 33824
18098 37342 34512
18020 36746 35186
18000 36126 35840
18002 35484 36470
18056 34818 37078
18160 34136 37656
18304 33438 38208
18498 32728 38720
18736 32004 39216
19008 31276 39668
19324 30542 40084
19682 29806 40462
20080 29070 40802
20514 28338 41100
20986 27612 41354
21482 26896 41568
22024 26190 41740
22588 25498 41862
23180 24826 41944
23800 24170 41968
24444 23538 41968
25106 22930 41916
25786 22350 41816
26484 21794 41674
27194 21280 41486
27914 20782 41248
28642 20326 40980
29378 19910 40664
30114 19530 40310
30850 19190 39914
31582 18886 39484
32308 18628 39016
33024 18412 38524
33730 18238 37980
34424 18112 37418
35098 18028 36826
35752 18000 36210
36388 18000 35568
36996 18046 34906
37584 18144 34224
38138 18284 33532
38656 18468 32820
39154 18700 32100
39612 18970 31372
40032 19280 30640
40416 19634 29904
40758 20024 29168
41062 20454 28436
41324 20920 27708
41544 21408 26990
41718 21952 26284
41850 22512 25594
41936 23102 24914
41968 23718 24256
41968 24356 23622
41928 25016 23008
41830 25694 22424
41694 26392 21866
41514 27098 21344
41288 27818 20846
41018 28546 20386
40708 29280 19962
40358 30016 19578
39968 30752 19230
39544 31486 18924
39080 32212 18658
38592 32932 18438
38054 33640 18260
37494 34330 18126
36906 35010 18036
36292 35670 18000
35654 36306 18000
34996 36920 18036
34320 37508 18128
33622 38066 18264
32916 38592 18442
32196 39092 18662
31468 39552 18930
30736 39978 19240
30000 40364 19584
29264 40718 19974
28532 41026 20396
27804 41292 20856
27084 41518 21344
26376 41696 21878
25680 41834 22436
25002 41928 23022
24342 41968 23634
23704 41968 24272
23090 41936 24928
22500 41850 25606
21938 41714 26298
21408 41538 27004
20908 41320 27724
20444 41056 28450
20016 40750 29182
19626 40406 29918
19274 40022 30654
18962 39602 31390
18690 39144 32114
18466 38656 32838
18282 38126 33544
18140 37570 34242
18046 36986 34922
18000 36374 35582
18000 35742 36222
18028 35084 36840
18112 34406 37430
18244 33716 37996
18418 33010 38528
18632 32292 39028
18894 31566 39494
19196 30832 39926
19536 30098 40318
19918 29362 40674
20340 28628 40988
20792 27900 41262
21280 27180 41488
21806 26468 41674
22360 25774 41820
22944 25092 41916
23552 24428 41968
24184 23788 41968
24840 23168 41944
25512 22578 41862
26206 22010 41734
26912 21472 41562
27628 20972 41352
28354 20504 41096
29086 20072 40796
29822 19674 40456
30558 19318 40078
31290 19004 39658
32020 18724 39208
32742 18494 38720
33452 18304 38198
34150 18156 37646
34832 18056 37064
35496 18002 36458
36142 18000 35824
36758 18020 35170
37354 18100 34502
37918 18222 33808
38464 18392 33104
38964 18600 32388
39436 18856 31664
39868 19152 30930
40268 19488 30196
40624 19866 29460
40946 20280 28724
41228 20730 27996
41460 21216 27276
41654 21732 26562
41804 22286 25864
41908 22866 25180
41964 23470 24514
41968 24100 23872
41952 24752 23248
41874 25424 22654
41754 26112 22086
41588 26818 21538
41382 27532 21036
41132 28258 20564
40838 28990 20126
40502 29724 19728
40126 30460 19366
39716 31194 19040
39268 31924 18758
38784 32646 18522
38270 33360 18326
37718 34060 18174
37146 34744 18064
36538 35410 18006
35912 36054 18000
35260 36680 18014
34586 37278 18088
33902 37846 18204
33198 38394 18366
32482 38900 18570
31760 39376 18820
31028 39812 19110
30292 40216 19442
29556 40582 19814
28820 40908 20224
28092 41192 20670
27366 41432 21152
26656 41632 21664
25954 41784 22214
25268 41898 22786
24604 41960 23388
23952 41968 24016
23332 41956 24664
22728 41886 25338
22158 41774 26024
21612 41614 26724
21100 41412 27436
20624 41166 28162
20184 40876 28892
19776 40548 29626
19410 40180 30362
19080 39776 31098
18798 39328 31828
18550 38848 32550
18348 38336 33266
18192 37794 33966
18076 37220 34650
18010 36620 35324
18000 35992 35972
18010 35346 36598
18076 34680 37198
18186 33994 37776
18340 33290 38320
18542 32576 38834
18784 31856 39314
19070 31124 39756
19398 30390 40166
19762 29654 40536
20166 28918 40866
20608 28190 41152
21088 27462 41402
21600 26748 41608
22136 26046 41768
22710 25360 41886
23306 24690 41956
23930 24040 41968
24578 23410 41960
25244 22808 41898
25930 22230 41790
26630 21688 41638
27340 21168 41440
28066 20686 41200
28794 20238 40920
29530 19826 40592
30266 19454 40232
31002 19124 39828
31732 18832 39390
32456 18582 38912
33170 18372 38400
33876 18210 37870
34566 18088 37298
35234 18014 36700
35888 18000 36080
36516 18006 35432
37122 18064 34768
37700 18168 34084
38242 18318 33384
38766 18512 32672
39250 18752 31952
39700 19030 31220
40114 19352 30488
40488 19712 29752
40826 20110 29018
41118 20548 28286
41372 21024 27558
41584 21536 26842
41748 22064 26140
41872 22632 25446
41950 23226 24778
41968 23850 24122
41966 24490 23494
41908 25158 22884
41808 25840 22308
41662 26536 21760
41468 27248 21248
41232 27968 20748
40958 28698 20294
40640 29432 19882
40280 30168 19502
39886 30904 19164
39450 31636 18868
38976 32360 18612
38464 33078 18398
37940 33782 18228
37376 34470 18104
36782 35148 18022
36164 35800 18000
35520 36434 18000
34858 37042 18054
34176 37624 18152
33478 38176 18296
32768 38688 18484
32048 39188 18720
31316 39646 18990
30584 40060 19306
29848 40442 19664
29114 40782 20056
28382 41082 20490
27654 41342 20960
26938 41558 21460
26232 41730 21992
25542 41858 22554
24864 41940 23148
24210 41968 23762
23574 41968 24404
22966 41922 25066
22382 41824 25744
21826 41684 26444
21312 41496 27156
20810 41264 27872
20354 40996 28602
19934 40686 29334
19550 40332 30070
19208 39938 30806
18902 39510 31540
18644 39040 32266
18422 38552 32986
18248 38012 33690
18118 37452 34384
18032 36862 35060
18000 36244 35718
18000 35606 36352
18040 34946 36964
18138 34266 37550
18274 33570 38106
18458 32864 38624
18688 32144 39126
18952 31414 39586
19262 30682 40010
19612 29946 40392
20004 29210 40738
20430 28478 41048
20894 27750 41310
21376 27034 41530
21922 26324 41712
22478 25628 41842
23068 24954 41932
23682 24296 41968
24318 23658 41968
24978 23042 41932
25658 22456 41838
26352 21898 41704
27060 21376 41526
27776 20874 41296
28506 20412 41034
29238 19984 40728
29974 19598 40380
30708 19250 39994
31442 18942 39566
32170 18674 39108
32890 18450 38624
33596 18268 38084
34292 18134 37526
34970 18040 36940
35630 18000 36330
36270 18000 35692
36884 18032 35034
37472 18122 34358
38034 18254 33664
38560 18430 32958
39064 18650 32238
39526 18914 31514
39954 19218 30780
40348 19564 30042
40696 19948 29306
41008 20372 28574
41280 20830 27844
41504 21312 27126
41690 21848 26416
41828 22402 25722
41922 22986 25042
41968 23598 24380
41968 24232 23740
41940 24890 23122
41854 25562 22532
41724 26258 21968
41550 26964 21440
41334 27680 20936
41072 28410 20470
40770 29140 20042
40426 29876 19648
40046 30612 19292
39626 31344 18978
39170 32074 18706
38688 32794 18476
38158 33504 18294
37604 34202 18146
37020 34882 18052
36410 35546 18000
35776 36188 18000
35122 36804 18024
34448 37396 18108
33756 37964 18234
33050 38496 18406
32332 39000 18618
31608 39468 18876
30876 39900 19178
30140 40294 19518
29404 40654 19894
28670 40968 20312
27940 41248 20766
27220 41478 21248
26510 41664 21774
25810 41814 22326
25130 41912 22908
24468 41966 23518
23824 41968 24148
23204 41948 24800
22610 41868 25478
22040 41744 26164
21504 41574 26870
21000 41364 27586
20530 41110 28314
20094 40810 29044
19698 40478 29780
19336 40100 30516
19018 39684 31248
18736 39232 31978
18508 38752 32698
18314 38230 33412
18164 37680 34110
18060 37096 34794
18004 36494 35460
18000 35864 36104
18016 35208 36724
18094 34538 37318
18216 33848 37888
18382 33146 38432
18588 32428 38936
18838 31706 39408
19134 30974 39844
19466 30238 40246
19842 29502 40606
20256 28766 40930
20706 28036 41214
21184 27316 41446
21702 26604 41642
22254 25904 41796
22828 25222 41904
23434 24552 41962
24064 23906 41968
24714 23284 41954
25382 22686 41880
26074 22120 41764
26776 21568 41600
27490 21062 41394
28216 20590 41146
28946 20152 40856
29682 19748 40524
30418 19386 40150
31152 19060 39744
31882 18772 39294
32606 18536 38816
33318 18336 38302
34018 18180 37750
34704 18070 37178
35370 18008 36572
36016 18000 35948
36644 18012 35298
37242 18082 34630
37814 18194 33940
38364 18358 33240
38874 18558 32524
39346 18802 31800
39788 19092 31070
40194 19422 30336
40560 19792 29598
40890 20198 28864
41178 20644 28134
41420 21120 27412
41620 21632 26696
41778 22180 25996
41892 22752 25308
41958 23352 24640
41968 23978 23992
41958 24626 23364
41892 25296 22764
41782 25982 22190
41624 26682 21642
41426 27398 21128
41182 28120 20652
40896 28848 20208
40570 29584 19800
40202 30320 19430
39798 31056 19098
39354 31786 18808
38880 32512 18564
38368 33224 18360
37826 33928 18200
37254 34616 18082
36656 35284 18012
36032 35936 18000
35384 36560 18008
34714 37164 18070
34032 37742 18178
33332 38290 18332
32620 38808 18528
31896 39284 18768
31166 39734 19054
30432 40144 19376
29696 40516 19740
28962 40848 20140
28230 41140 20584
27508 41388 21056
26790 41598 21568
26088 41758 22102
25402 41880 22676
24728 41954 23274
24076 41968 23896
23446 41962 24540
22844 41904 25206
22262 41798 25890
21716 41648 26588
21192 41454 27302
20714 41216 28024
20262 40932 28752
19852 40614 29488
19476 40254 30224
19140 39854 30958
18850 39416 31690
18596 38944 32416
18382 38432 33130
18218 37902 33836
18096 37332 34522
18016 36738 35198
18000 36116 35848
18004 35472 36482
18060 34808 37088
18162 34126 37666
18308 33426 38214
18502 32716 38742
18736 31992 39222
19010 31264 39678
19334 30530 40090
19688 29794 40470
20088 29058 40808
20524 28326 41102
20992 27600 41356
21504 26884 41572
22030 26178 41742
22596 25488 41866
23192 24816 41948
23810 24160 41968
24452 23530 41966
25116 22920 41912
25798 22340 41816
26496 21792 41672
27206 21260 41482
27928 20776 41248
28656 20322 40976
29390 19902 40656
30126 19522 40302
30860 19182 39906
31594 18884 39474
32320 18626 39008
33036 18408 38496
33742 18236 37972
34438 18108 37408
35110 18026 36814
35766 18000 36198
36398 18000 35558
37008 18052 34894
37590 18144 34214
38144 18286 33520
38656 18474 32806
39160 18704 32088
39618 18974 31362
40040 19284 30626
40420 19642 29892
40764 20032 29156
41066 20462 28422
41326 20928 27696
41546 21440 26978
41720 21960 26272
41852 22520 25582
41938 23110 24904
41968 23726 24248
41968 24368 23610
41926 25028 23000
41830 25706 22414
41692 26402 21858
41510 27110 21344
41280 27832 20838
41014 28560 20378
40704 29292 19954
40352 30028 19574
39962 30764 19224
39534 31494 18920
39070 32224 18656
38564 32940 18436
38044 33650 18256
37484 34342 18124
36896 35020 18036
36282 35678 18000
35644 36314 18000
34986 36928 18036
34308 37516 18130
33612 38074 18264
32902 38592 18446
32184 39098 18672
31458 39558 18936
30724 39984 19242
29988 40372 19588
29252 40720 19978
28518 41030 20404
27792 41294 20866
27072 41520 21356
26364 41702 21890
25670 41834 22446
24990 41928 23034
24330 41968 23644
23692 41968 24282
23078 41936 24938
22490 41846 25616
21930 41714 26310
21408 41534 27016
20902 41312 27736
20438 41050 28464
20010 40748 29196
19618 40402 29930
19270 40016 30668
18956 39594 31398
18688 39132 32128
18464 38654 32846
18276 38114 33556
18140 37560 34254
18046 36976 34932
18000 36366 35592
18000 35728 36234
18028 35074 36850
18114 34394 37440
18246 33704 38004
18418 32998 38528
18642 32280 39036
18900 31554 39502
19200 30822 39932
19544 30086 40324
19922 29350 40676
20346 28614 40990
20804 27888 41264
21282 27168 41492
21816 26456 41680
22370 25760 41822
22952 25080 41916
23564 24418 41968
24194 23778 41968
24852 23160 41944
25526 22568 41860
26218 22000 41732
26922 21472 41562
27640 20964 41348
28366 20498 41088
29098 20066 40790
29834 19668 40450
30570 19312 40070
31302 18998 39652
32032 18720 39194
32756 18488 38718
33464 18300 38188
34160 18154 37638
34842 18056 37056
35506 18002 36446
36150 18000 35816
36770 18020 35162
37364 18102 34490
37932 18224 33796
38464 18394 33092
38972 18606 32376
39442 18860 31650
39874 19158 30918
40272 19496 30184
40634 19874 29448
40952 20286 28712
41232 20742 27984
41464 21216 27264
41654 21742 26552
41806 22294 25852
41908 22876 25170
41964 23478 24506
41968 24112 23858
41952 24764 23238
41872 25434 22644
41752 26124 22074
41586 26830 21536
41378 27546 21028
41128 28270 20558
40830 29000 20120
40494 29736 19720
40122 30472 19358
39710 31206 19036
39256 31936 18754
38784 32660 18516
38262 33372 18326
37712 34070 18170
37134 34756 18064
36528 35420 18006
35900 36064 18000
35250 36688 18014
34576 37286 18088
33890 37856 18206
33188 38400 18370
32472 38908 18576
31746 39380 18824
31014 39820 19118
30280 40224 19452
29544 40590 19820
28812 40912 20228
28080 41198 20680
27356 41436 21152
26646 41632 21670
25942 41788 22220
25258 41898 22796
24590 41960 23398
23944 41968 24024
23318 41956 24676
22720 41886 25350
22152 41772 26034
21600 41608 26734
21090 41408 27450
20620 41164 28174
20176 40872 28902
19768 40544 29638
19404 40176 30374
19076 39766 31110
18788 39318 31840
18546 38848 32564
18348 38334 33276
18188 37782 33976
18076 37212 34662
18010 36610 35332
18000 35984 35984
18010 35336 36608
18076 34668 37210
18188 33982 37782
18346 33278 38332
18546 32566 38846
18788 31842 39318
19074 31110 39766
19400 30378 40172
19768 29642 40540
20174 28908 40870
20618 28176 41162
21088 27452 41406
21600 26738 41608
22148 26034 41772
22718 25350 41886
23318 24678 41956
23944 24028 41968
24590 23402 41960
25254 22796 41898
25940 22222 41790
26640 21672 41632
27354 21154 41438
28078 20682 41198
28806 20232 40912
29542 19820 40590
30278 19452 40224
31014 19118 39822
31744 18824 39380
32468 18576 38910
33182 18370 38400
33888 18208 37858
34576 18088 37288
35246 18014 36692
35896 18000 36070
36528 18006 35424
37128 18064 34758
37710 18170 34072
38258 18324 33374
38782 18514 32660
39256 18752 31938
39710 19036 31210
40118 19354 30476
40494 19720 29740
40830 20120 29004
41126 20556 28272
41376 21026 27548
41586 21536 26830
41752 22070 26126
41872 22642 25434
41952 23236 24766
41968 23856 24112
41964 24504 23480
41908 25168 22876
41806 25850 22294
41658 26548 21746
41466 27258 21218
41232 27982 20744
40952 28710 20288
40634 29444 19874
40276 30180 19496
39876 30914 19158
39442 31646 18862
38974 32372 18608
38464 33088 18394
37934 33794 18226
37368 34482 18102
36770 35158 18020
36150 35814 18000
35510 36442 18002
34846 37054 18056
34164 37634 18154
33468 38186 18300
32756 38716 18488
32034 39194 18720
31308 39650 18998
30572 40070 19312
29836 40448 19668
29100 40788 20062
28368 41084 20496
27644 41342 20962
26926 41562 21472
26220 41732 21998
25530 41860 22564
24854 41944 23156
24200 41968 23772
23564 41968 24414
22954 41916 25076
22374 41822 25756
21820 41680 26456
21286 41492 27162
20806 41264 27886
20346 40994 28614
19926 40678 29346
19544 40326 30082
19200 39932 30818
18900 39502 31550
18642 39036 32278
18420 38528 32996
18246 38004 33702
18114 37442 34394
18028 36852 35072
18000 36236 35726
18000 35596 36364
18046 34936 36972
18140 34256 37558
18276 33560 38112
18462 32852 38646
18688 32130 39132
18956 31404 39592
19270 30670 40016
19618 29934 40402
20010 29198 40746
20438 28464 41050
20900 27740 41312
21408 27020 41534
21928 26314 41714
22488 25616 41846
23078 24940 41936
23692 24284 41968
24330 23646 41968
24990 23036 41928
25670 22446 41836
26362 21890 41702
27072 21368 41520
27790 20868 41296
28518 20406 41030
29250 19980 40724
29986 19592 40372
30722 19244 39988
31454 18936 39562
32182 18672 39098
32902 18446 38592
33608 18266 38076
34304 18130 37518
34980 18038 36932
35642 18000 36318
36278 18000 35680
36896 18034 35022
37482 18122 34348
38042 18256 33652
38560 18436 32946
39070 18656 32226
39534 18918 31500
39962 19224 30766
40350 19572 30030
40704 19954 29296
41012 20378 28560
41280 20838 27836
41508 21344 27114
41692 21856 26404
41830 22414 25712
41922 22998 25032
41968 23608 24370
41968 24244 23730
41938 24900 23112
41854 25574 22524
41722 26270 21962
41548 26976 21440
41326 27694 20930
41068 28418 20466
40766 29152 20036
40424 29888 19642
40042 30624 19290
39620 31358 18974
39162 32086 18704
38676 32806 18474
38144 33516 18286
37592 34214 18144
37010 34894 18052
36400 35556 18000
35768 36198 18000
35110 36814 18024
34438 37408 18108
33746 37972 18236
33040 38496 18408
32322 39006 18626
31596 39474 18884
30864 39906 19180
30128 40302 19520
29392 40656 19902
28660 40976 20318
27932 41248 20776
27206 41480 21256
26498 41670 21788
25800 41814 22338
25118 41912 22916
24454 41966 23526
23812 41968 24160
23194 41948 24812
22600 41866 25488
22032 41742 26176
21504 41574 26882
20992 41356 27598
20524 41102 28322
20088 40808 29056
19690 40470 29792
19334 40090 30528
19016 39678 31262
18736 39224 31990
18502 38746 32710
18308 38218 33424
18162 37670 34122
18060 37088 34806
18004 36482 35468
18000 35852 36112
18016 35200 36732
18096 34522 37330
18218 33838 37900
18382 33132 38432
18594 32416 38944
18846 31692 39412
19138 30960 39852
19474 30226 40252
19850 29490 40614
20260 28756 40932
20714 28028 41216
21190 27302 41454
21712 26592 41646
22262 25894 41798
22840 25210 41904
23446 24542 41962
24072 23896 41968
24726 23274 41954
25394 22678 41880
26086 22106 41758
26788 21568 41598
27502 21056 41390
28226 20586 41142
28958 20144 40850
29694 19744 40516
30430 19376 40144
31166 19054 39734
31894 18768 39286
32614 18528 38812
33330 18334 38292
34030 18178 37744
34714 18070 37166
35384 18008 36566
36030 18000 35936
36654 18012 35288
37252 18082 34618
37824 18198 33930
38368 18360 33226
38880 18562 32512
39352 18806 31788
39796 19098 31056
40200 19430 30322
40568 19798 29586
40896 20206 28852
41182 20652 28124
41424 21124 27398
41622 21640 26684
41782 22188 25984
41892 22760 25296
41958 23364 24630
41968 23992 23982
41958 24638 23356
41892 25306 22754
41780 25994 22184
41620 26694 21632
41420 27406 21120
41178 28130 20646
40890 28862 20198
40560 29596 19792
40196 30332 19422
39790 31068 19094
39348 31798 18804
38876 32522 18560
38366 33236 18358
37814 33938 18194
37246 34628 18082
36644 35296 18012
36022 35944 18000
35374 36572 18008
34704 37178 18070
34020 37748 18180
33320 38300 18336
32608 38816 18534
31886 39290 18770
31156 39740 19058
30420 40150 19382
29684 40522 19744
28948 40854 20150
28220 41146 20590
27494 41394 21060
26778 41598 21568
26076 41762 22116
25392 41880 22686
24718 41954 23282
24064 41968 23906
23436 41962 24548
22834 41904 25216
22254 41796 25902
21704 41642 26600
21184 41448 27316
20708 41214 28034
20256 40932 28766
19844 40610 29498
19468 40248 30236
19138 39846 30970
18840 39410 31700
18590 38938 32426
18382 38432 33144
18216 37892 33846
18094 37322 34534
18016 36726 35208
18000 36104 35860
18004 35460 36490
18060 34796 37096
18162 34114 37678
18314 33414 38228
18504 32704 38752
18736 31982 39228
19018 31252 39684
19336 30518 40098
19698 29782 40472
20094 29046 40810
20528 28314 41110
20998 27590 41364
21504 26874 41574
22038 26166 41744
22610 25478 41868
23200 24804 41948
23820 24152 41968
24464 23518 41966
25128 22912 41912
25808 22330 41814
26508 21776 41664
27220 21248 41478
27938 20770 41248
28670 20314 40970
29402 19898 40656
30138 19518 40296
30874 19178 39900
31604 18878 39470
32330 18620 39002
33050 18406 38496
33754 18234 37964
34448 18108 37400
35120 18024 36808
35776 18000 36188
36408 18000 35548
37020 18052 34884
37602 18146 34202
38156 18292 33508
38688 18476 32798
39168 18704 32078
39624 18978 31348
40046 19292 30614
40426 19644 29878
40770 20040 29144
41072 20470 28412
41334 20934 27684
41550 21440 26968
41722 21968 26260
41854 22532 25568
41940 23122 24894
41968 23738 24234
41968 24378 23600
41922 25038 22990
41828 25718 22406
41690 26414 21850
41504 27124 21312
41280 27842 20832
41008 28572 20374
40696 29306 19948
40348 30040 19566
39956 30776 19218
39528 31508 18918
39064 32236 18656
38560 32954 18430
38036 33662 18254
37476 34352 18122
36886 35032 18032
36272 35688 18000
35632 36326 18000
34974 36938 18040
34296 37524 18134
33600 38080 18266
32890 38624 18450
32172 39102 18674
31444 39566 18938
30712 39990 19250
29976 40380 19596
29242 40726 19984
28510 41034 20410
27778 41296 20872
27060 41524 21376
26352 41704 21896
25658 41838 22456
24980 41932 23040
24322 41968 23656
23684 41968 24290
23068 41932 24950
22480 41842 25626
21922 41712 26322
21384 41532 27028
20896 41310 27746
20432 41048 28474
20004 40740 29208
19612 40394 29942
